%YAML:1.0
---
model_type: PINHOLE
camera_name: camera
image_width: 480
image_height: 640
distortion_parameters:
   k1: 0.0678894111562730 
   k2: -0.0428908408605973
   p1: 0.0268628434852833 
   p2: -0.0217298610141469
projection_parameters:
   fx: 469.478908428935 
   fy: 463.669504154791
   cx: 192.530680584620 
   cy: 337.481880660053
