%YAML:1.0
---
model_type: PINHOLE
camera_name: camera
image_width: 480
image_height: 640
distortion_parameters:
   k1: -0.0307867383646346  
   k2: 0.0204010055702545
   p1: 0.00345472677916404  
   p2: -0.0197869780037113
projection_parameters:
   fx: 468.453514590862 
   fy: 459.690653972186
   cx: 205.410847964973 
   cy: 333.132011180226
