%YAML:1.0
---
model_type: PINHOLE
camera_name: camera
image_width: 480
image_height: 640
distortion_parameters:
   k1: -0.0158666368087550  
   k2: 0.0286358932035883  
   p1: -0.0188797106672043  
   p2: -0.0409309603104839
   k3: -0.0788423039400664
projection_parameters:
   fx: 452.296633601282 
   fy: 443.573784392589
   cx: 196.832138824262 
   cy: 289.632658867425
