%YAML:1.0
---
model_type: PINHOLE
camera_name: camera
image_width: 480
image_height: 640
distortion_parameters:
   k1: -0.0530532552929695  
   k2: 0.00142782357338936
   p1: -0.0136410939992527  
   p2: -0.0233095305208129
projection_parameters:
   fx: 438.858621589123 
   fy: 431.862750370138
   cx: 205.415056843827 
   cy: 295.264029354289
