%YAML:1.0
---
model_type: PINHOLE
camera_name: camera
image_width: 480
image_height: 640
distortion_parameters:
   k1: -2.0035209220659999e-02
   k2: -2.2772133997572100e-01
   p1: -1.3129547716052001e-02
   p2: -2.6379812577172999e-02
   k3: 4.7813393449584601e-01
projection_parameters:
   fx: 4.4178522943207611e+02
   fy: 4.3366200522255627e+02
   cx: 2.0136826175702299e+02
   cy: 2.9684689921816101e+02
