%YAML:1.0
---
model_type: PINHOLE
camera_name: hololens-left
image_width: 480
image_height: 640
distortion_parameters:
   k1: -4.5427022426629951e-02
   k2: 3.4668209885972245e-02
   p1: -3.6142278415427251e-03
   p2: 1.0096272877164206e-02
projection_parameters:
   fx: 4.4767500323141462e+02
   fy: 4.4404115802681559e+02
   cx: 2.3236536781584007e+02
   cy: 3.0342794208040090e+02
