%YAML:1.0

#common parameters
#support: 1 imu 1 cam; 1 imu 2 cam: 2 cam; 
imu: 0         
num_of_cam: 2  

imu_topic: "none"
image0_topic: "/left_cam/image_raw"
image1_topic: "/right_cam/image_raw"
output_path: "/mnt/DATA/"

cam0_calib: "cam0_pinhole_v2.yaml"
cam1_calib: "cam1_pinhole_v2.yaml"
image_width: 480
image_height: 640
   

# Extrinsic parameter between IMU and Camera.
estimate_extrinsic: 0   # 0  Have an accurate extrinsic parameters. We will trust the following imu^R_cam, imu^T_cam, don't change it.
                        # 1  Have an initial guess about extrinsic parameters. We will optimize around your initial guess.

body_T_cam0: !!opencv-matrix
   rows: 4
   cols: 4
   dt: d
   data: [1, 0, 0, 0,
          0, 1, 0, 0,
          0, 0, 1, 0,
          0, 0, 0, 1]

body_T_cam1: !!opencv-matrix
   rows: 4
   cols: 4
   dt: d
   data: [0.999370412600609, -0.0342532468657563, 0.00924626939050339, 0.0959982356558326,
          0.0340587641425525,  0.999210999705153, 0.0204298471191184,  0.00179582570438582,
          -0.00993876267802892,  -0.0201020682364312, 0.999748532306524, 0.00624045241801649,
          0, 0, 0, 1]
#   [0.999370412600609, 0.0340587641425525, -0.00993876267802887, -0.0959369376048205,
#          -0.0342532468657562, 0.999210999705153, -0.0201020682364311, 0.00161928846755388,
#          0.00924626939050343, 0.0204298471191185,  0.999748532306523, -0.00716319713832072,
#          0, 0, 0, 1]

#Multiple thread support
multiple_thread: 1

#feature traker paprameters
max_cnt: 150            # max feature number in feature tracking
min_dist: 30            # min distance between two features 
freq: 10                # frequence (Hz) of publish tracking result. At least 10Hz for good estimation. If set 0, the frequence will be same as raw image 
F_threshold: 1.0        # ransac threshold (pixel)
show_track: 1 # 0 #     # publish tracking image as topic
flow_back: 1            # perform forward and backward optical flow to improve feature tracking accuracy

#optimization parameters
max_solver_time: 0.04  # max solver itration time (ms), to guarantee real time
max_num_iterations: 8   # max solver itrations, to guarantee real time
keyframe_parallax: 10.0 # keyframe selection threshold (pixel)
