%YAML:1.0

#common parameters
#support: 1 imu 1 cam; 1 imu 2 cam: 2 cam; 
imu: 0         
num_of_cam: 2  

imu_topic: "none"
image0_topic: "/left_cam/image_raw"
image1_topic: "/right_cam/image_raw"
output_path: "/mnt/DATA/"

cam0_calib: "cam0_pinhole.yaml"
cam1_calib: "cam1_pinhole.yaml"
image_width: 480
image_height: 640
   

# Extrinsic parameter between IMU and Camera.
estimate_extrinsic: 1   # 0  Have an accurate extrinsic parameters. We will trust the following imu^R_cam, imu^T_cam, don't change it.
                        # 1  Have an initial guess about extrinsic parameters. We will optimize around your initial guess.

body_T_cam0: !!opencv-matrix
   rows: 4
   cols: 4
   dt: d
   data: [1, 0, 0, 0,
          0, 1, 0, 0,
          0, 0, 1, 0,
          0, 0, 0, 1]

body_T_cam1: !!opencv-matrix
   rows: 4
   cols: 4
   dt: d
   data: [0.999389844759084, -0.0347590651352861, 0.00342718300304075, 0.0934408062239991,
          0.0346968022436292,  0.999256589267983, 0.0168047826104789,  0.00559999008200052,
          -0.00400875373175763,  -0.0166756167933874, 0.999852916032193, -0.00607685983612425,
          0, 0, 0, 1]
   # [0.999389844759083, 0.0346968022436292,  -0.00400875373175766, -0.0936024552093529,
   #        -0.0347590651352861, 0.999256589267982, -0.0166756167933874, -0.00244924730537507 ,
   #        0.00342718300304072, 0.0168047826104789,  0.999852916032192, 0.00566162066863757,
   #        0, 0, 0, 1]

#Multiple thread support
multiple_thread: 1

#feature traker paprameters
max_cnt: 600 # 150            # max feature number in feature tracking
min_dist: 30            # min distance between two features 
freq: 10                # frequence (Hz) of publish tracking result. At least 10Hz for good estimation. If set 0, the frequence will be same as raw image 
F_threshold: 1.0        # ransac threshold (pixel)
show_track: 1 # 0 #     # publish tracking image as topic
flow_back: 1            # perform forward and backward optical flow to improve feature tracking accuracy

#optimization parameters
max_solver_time: 0.04  # max solver itration time (ms), to guarantee real time
max_num_iterations: 8   # max solver itrations, to guarantee real time
keyframe_parallax: 10.0 # keyframe selection threshold (pixel)
